4294967278,407
4294967279,304
4294967278,308
4294967278,50
4294967278,49
4294967278,48
4294967278,47
4294967278,46
4294967278,44
4294967278,40
4294967278,39
4294967278,38
4294967278,37
4294967278,35
4294967278,32
4294967278,31
4294967278,30
4294967278,29
4294967278,28
4294967278,27
4294967278,26
4294967278,25
4294967278,24
4294967278,23
4294967278,22
4294967278,21
4294967278,20
4294967278,19
4294967278,18
4294967278,17
4294967278,16
4294967278,15
4294967278,14
4294967278,13
4294967278,9
4294967278,8
4294967278,7
4294967278,6
4294967278,5
4294967278,4
4294967279,132
4294967279,131
4294967279,130
4294967279,129
4294967279,128
4294967279,127
4294967279,126
4294967279,125
4294967279,124
4294967279,123
4294967279,122
4294967279,121
4294967279,120
4294967279,117
4294967279,242
4294967279,115
4294967279,238
4294967279,114
4294967279,108
4294967279,106
4294967279,105
4294967279,101
4294967279,99
4294967279,98
4294967278,12
4294967279,348
4294967278,11
4294967278,266
4294967278,10
4294967278,307
4294967279,257
4294967279,256
4294967279,255
4294967294,1422
4294967278,241
4294967279,240
4294967279,231
250,5
250,4
250,3
250,2
250,1
4294967279,223
4294967278,221
4294967279,221
4294967294,395
4294967294,385
4294967294,398
4294967294,118
4294967294,408
4294967294,169
4294967294,456
4294967294,457
4294967278,220
4294967279,104
4294967279,545
4294967278,217
4294967279,103
4294967279,329
4294967278,215
4294967279,102
4294967279,336
4294967278,328
4294967279,100
4294967279,517
4294967279,210
248,5
4294967278,208
248,4
248,3
248,2
248,1
4294967278,204
4294967278,203
4294967279,203
4294967279,202
4294967279,216
4294967278,366
4294967279,201
246,6
4294967279,198
4294967278,374
246,5
4294967279,197
4294967278,196
4294967279,196
246,4
4294967278,195
246,3
246,2
246,1
4294967279,195
4294967278,194
4294967279,194
4294967278,191
4294967279,559
4294967279,192
245,5
4294967279,190
245,4
4294967279,189
245,3
245,2
245,1
4294967279,514
4294967279,188
4294967278,187
4294967278,349
4294967278,397
4294967279,557
4294967278,360
4294967279,182
4294967278,181
4294967279,179
4294967279,181
244,5
4294967278,180
244,4
4294967279,180
244,3
244,2
244,1
4294967279,299
4294967278,303
4294967278,177
4294967279,175
4294967278,176
243,5
4294967279,173
4294967278,172
4294967279,172
243,4
4294967278,171
243,3
243,2
243,1
4294967279,171
4294967294,1418
4294967294,161
4294967294,421
4294967294,173
4294967294,190
4294967294,1091
4294967294,1089
4294967294,1011
4294967279,170
4294967278,167
4294967279,347
4294967278,373
4294967278,166
4294967279,166
4294967278,165
4294967279,165
4294967279,294
4294967279,164
4294967279,163
4294967278,161
4294967279,161
241,4
241,3
241,2
241,1
4294967278,343
4294967279,160
4294967278,159
4294967279,346
4294967279,313
4294967278,315
4294967278,415
4294967279,335
4294967278,414
4294967279,345
4294967278,394
4294967279,537
4294967278,338
4294967279,312
4294967294,388
4294967278,401
4294967278,297
4294967279,536
4294967279,260
4294967279,290
4294967278,296
4294967279,149
4294967278,149
4294967279,148
4294967278,148
4294967279,146
4294967278,348
4294967278,393
4294967278,345
4294967278,344
4294967278,45
4294967278,43
4294967278,42
4294967278,41
4294967278,36
4294967278,34
4294967279,174
4294967279,542
4294967279,302
4294967278,33
4294967278,400
4294967279,141
4294967279,140
4294967279,138
4294967279,136
4294967279,135
4294967279,134
4294967279,133
4294967279,271
4294967279,279
4294967279,282
4294967279,277
4294967279,265
4294967279,264
4294967279,263
4294967279,262
4294967279,261
4294967279,258
4294967278,279
4294967279,529
4294967278,356
4294967279,254
4294967279,281
4294967278,413
4294967279,253
4294967278,258
4294967294,1425
4294967294,1424
4294967278,257
4294967278,342
4294967279,525
240,5
240,4
240,2
240,1
4294967278,395
4294967279,523
4294967279,522
4294967278,330
4294967278,251
4294967294,409
4294967294,187
4294967294,399
4294967294,1172
4294967294,179
4294967294,420
4294967294,183
4294967294,1173
4294967294,167
4294967294,444
4294967294,415
4294967294,465
4294967294,448
4294967294,450
4294967294,455
4294967278,249
4294967279,247
4294967279,520
4294967278,244
4294967278,242
4294967278,243
4294967278,240
4294967278,238
4294967278,234
4294967278,237
238,5
238,4
4294967278,236
238,2
238,1
4294967278,232
4294967278,230
4294967279,229
4294967279,330
4294967278,228
4294967278,226
4294967278,224
4294967278,225
4294967279,224
4294967278,222
236,6
4294967278,216
4294967279,219
236,5
4294967278,214
4294967278,213
236,4
4294967279,213
236,3
236,2
236,1
4294967278,212
4294967294,114
4294967279,212
4294967278,211
4294967294,474
4294967279,209
4294967278,350
4294967279,320
235,5
4294967279,208
4294967278,207
235,4
4294967278,206
235,3
235,2
235,1
4294967279,206
4294967278,205
4294967279,563
4294967279,218
4294967278,200
4294967278,199
4294967279,199
4294967278,198
234,5
234,4
4294967278,197
234,3
234,2
234,1
4294967279,561
4294967278,192
4294967279,193
233,5
4294967279,344
4294967278,190
233,4
233,3
233,2
233,1
4294967279,321
4294967278,189
4294967278,188
4294967278,412
4294967279,543
4294967279,513
4294967278,186
4294967278,183
4294967278,347
4294967279,183
4294967278,182
4294967278,322
4294967279,300
